# elevation, minimum velocity
-1.000000000000000000e+04,3.203788791864642462e+02
-9.797979797979798605e+03,3.203788791864642462e+02
-9.595959595959595390e+03,3.203788791864642462e+02
-9.393939393939393995e+03,3.203788791864642462e+02
-9.191919191919192599e+03,3.203788791864642462e+02
-8.989898989898989385e+03,3.203788791864642462e+02
-8.787878787878787989e+03,3.203788791864642462e+02
-8.585858585858586594e+03,3.203788791864642462e+02
-8.383838383838383379e+03,2.127563902141410381e+03
-8.181818181818181984e+03,2.679272856981286168e+03
-7.979797979797979679e+03,3.758182994024288746e+03
-7.777777777777777374e+03,5.441058884652955385e+03
-7.575757575757575978e+03,5.441058884652955385e+03
-7.373737373737373673e+03,5.193839194055915414e+02
-7.171717171717171368e+03,5.133318321197460818e+02
-6.969696969696969973e+03,4.964835857488043303e+02
-6.767676767676767668e+03,4.823078288114535326e+02
-6.565656565656565363e+03,4.702414675128157455e+02
-6.363636363636363967e+03,4.599335298472613545e+02
-6.161616161616161662e+03,4.509400779766056075e+02
-5.959595959595959357e+03,4.430926476864447068e+02
-5.757575757575757962e+03,4.362531933655952798e+02
-5.555555555555555657e+03,4.302193843009351895e+02
-5.353535353535353352e+03,4.248337517963276468e+02
-5.151515151515151956e+03,4.200874919167068242e+02
-4.949494949494949651e+03,3.203788791864642462e+02
-4.747474747474747346e+03,3.203788791864642462e+02
-4.545454545454545041e+03,3.203788791864642462e+02
-4.343434343434343646e+03,3.203788791864642462e+02
-4.141414141414141341e+03,3.203788791864642462e+02
-3.939393939393939036e+03,3.203788791864642462e+02
-3.737373737373737640e+03,3.203788791864642462e+02
-3.535353535353535335e+03,3.203788791864642462e+02
-3.333333333333333030e+03,3.203788791864642462e+02
-3.131313131313131635e+03,3.203788791864642462e+02
-2.929292929292929330e+03,3.203788791864642462e+02
-2.727272727272727025e+03,3.203788791864642462e+02
-2.525252525252525629e+03,3.203788791864642462e+02
-2.323232323232323324e+03,3.203788791864642462e+02
-2.121212121212121019e+03,3.203788791864642462e+02
-1.919191919191918714e+03,3.203788791864642462e+02
-1.717171717171717319e+03,3.203788791864642462e+02
-1.515151515151515923e+03,3.203788791864642462e+02
-1.313131313131312709e+03,3.203788791864642462e+02
-1.111111111111111313e+03,3.203788791864642462e+02
-9.090909090909099177e+02,3.203788791864642462e+02
-7.070707070707067032e+02,3.203788791864642462e+02
-5.050505050505053077e+02,3.203788791864642462e+02
-3.030303030303039122e+02,3.203788791864642462e+02
-1.010101010101006977e+02,3.203788791864642462e+02
1.010101010101006977e+02,3.203788791864642462e+02
3.030303030303039122e+02,3.203788791864642462e+02
5.050505050505053077e+02,3.203788791864642462e+02
7.070707070707067032e+02,3.203788791864642462e+02
9.090909090909099177e+02,3.203788791864642462e+02
1.111111111111111313e+03,3.203788791864642462e+02
1.313131313131312709e+03,3.203788791864642462e+02
1.515151515151515923e+03,3.203788791864642462e+02
1.717171717171717319e+03,3.203788791864642462e+02
1.919191919191918714e+03,4.241601798157049643e+02
2.121212121212121929e+03,4.307028503613236694e+02
2.323232323232323324e+03,4.383724829385902808e+02
2.525252525252524720e+03,4.474846381187888937e+02
2.727272727272727934e+03,4.582765786509023087e+02
2.929292929292929330e+03,4.713522035669030856e+02
3.131313131313130725e+03,4.873322892455772717e+02
3.333333333333333940e+03,5.072080205424072119e+02
3.535353535353535335e+03,5.193839194055915414e+02
3.737373737373736731e+03,5.193839194055915414e+02
3.939393939393939945e+03,5.193839194055915414e+02
4.141414141414141341e+03,5.193839194055915414e+02
4.343434343434342736e+03,5.193839194055915414e+02
4.545454545454545951e+03,5.193839194055915414e+02
4.747474747474747346e+03,5.193839194055915414e+02
4.949494949494948742e+03,5.193839194055915414e+02
5.151515151515151956e+03,5.193839194055915414e+02
5.353535353535353352e+03,5.193839194055915414e+02
5.555555555555554747e+03,5.193839194055915414e+02
5.757575757575757962e+03,5.193839194055915414e+02
5.959595959595959357e+03,5.193839194055915414e+02
6.161616161616162572e+03,5.193839194055915414e+02
6.363636363636363967e+03,5.193839194055915414e+02
6.565656565656565363e+03,5.193839194055915414e+02
6.767676767676766758e+03,5.193839194055915414e+02
6.969696969696968154e+03,5.193839194055915414e+02
7.171717171717173187e+03,5.193839194055915414e+02
7.373737373737374583e+03,5.193839194055915414e+02
7.575757575757575978e+03,5.193839194055915414e+02
7.777777777777777374e+03,5.441058884652955385e+03
7.979797979797978769e+03,4.137096109489502851e+03
8.181818181818180165e+03,2.859082047224886992e+03
8.383838383838385198e+03,2.235482991559675156e+03
8.585858585858586594e+03,1.866342104028318090e+03
8.787878787878787989e+03,3.203788791864642462e+02
8.989898989898989385e+03,7.516372058142992501e+02
9.191919191919190780e+03,7.023421880622090612e+02
9.393939393939392176e+03,6.641848903319792043e+02
9.595959595959597209e+03,6.407577583729384969e+02
9.797979797979798605e+03,6.407577583729384969e+02
1.000000000000000000e+04,6.407577583729384969e+02
