# E \psi_f-bc\n0.0 1.746787814182502e+42
0.011011011011011011 1.6123347653681104e+42
0.022022022022022022 1.4873076643625552e+42
0.03303303303303303 1.3710906934818528e+42
0.044044044044044044 1.2631060392720563e+42
0.055055055055055056 1.1628116573314817e+42
0.06606606606606606 1.0696991631962741e+42
0.07707707707707707 9.832918424416652e+41
0.08808808808808809 9.031427735094231e+41
0.0990990990990991 8.288330571119403e+41
0.11011011011011011 7.599701463890776e+41
0.12112112112112113 6.961862723005484e+41
0.13213213213213212 6.3713695902917105e+41
0.14314314314314314 5.824996244466447e+41
0.15415415415415415 5.319722609558039e+41
0.16516516516516516 4.852721922734977e+41
0.17617617617617617 4.421349019536094e+41
0.1871871871871872 4.023129296739696e+41
0.1981981981981982 3.655748315245571e+41
0.2092092092092092 3.317042007337711e+41
0.22022022022022023 3.0049874546307592e+41
0.23123123123123124 2.7176942047982704e+41
0.24224224224224225 2.4533960969035767e+41
0.25325325325325326 2.210443566789666e+41
0.26426426426426425 1.987296405508592e+41
0.27527527527527523 1.7825169452610254e+41
0.2862862862862862 1.59476364867565e+41
0.2972972972972972 1.4227850785902668e+41
0.3083083083083082 1.265414226732812e+41
0.3193193193193192 1.1215631808792968e+41
0.33033033033033016 9.902181111896013e+40
0.34134134134134114 8.704345574668471e+40
0.3523523523523521 7.613330001050561e+40
0.3633633633633631 6.6209469842231615e+40
0.3743743743743741 5.719577809868298e+40
0.3853853853853851 4.902135733889888e+40
0.39639639639639607 4.162031497179447e+40
0.40740740740740705 3.493140947652744e+40
0.41841841841841804 2.8897746470063254e+40
0.429429429429429 2.346649346431389e+40
0.44044044044044 1.8588612220417568e+40
0.451451451451451 1.4218607668587504e+40
0.462462462462462 1.0314292419839643e+40
0.47347347347347296 6.836565950599437e+39
0.48448448448448395 3.749207593302217e+39
0.49549549549549493 1.018682514638471e+39
0.506506506506506 -1.3860400902849104e+39
0.517517517517517 -3.4936573158779474e+39
0.5285285285285279 -5.330692062737208e+39
0.5395395395395389 -6.921642400473775e+39
0.5505505505505499 -8.289121387120822e+39
0.5615615615615609 -9.453987920679743e+39
0.5725725725725719 -1.0435469165053901e+40
0.5835835835835829 -1.1251275061723446e+40
0.5945945945945939 -1.1917705408648208e+40
0.6056056056056048 -1.244974996032259e+40
0.6166166166166158 -1.2861181976319005e+40
0.6276276276276268 -1.316464562097728e+40
0.6386386386386378 -1.3371737593277787e+40
0.6496496496496488 -1.3493083343821554e+40
0.6606606606606598 -1.353840821493577e+40
0.6716716716716707 -1.3516603820059455e+40
0.6826826826826817 -1.3435789960030954e+40
0.6936936936936927 -1.3303372356219204e+40
0.7047047047047037 -1.3126096463852452e+40
0.7157157157157147 -1.2910097613253016e+40
0.7267267267267257 -1.26609477118831e+40
0.7377377377377367 -1.238369872617654e+40
0.7487487487487476 -1.2082923148984354e+40
0.7597597597597586 -1.1762751646086752e+40
0.7707707707707696 -1.142690806350488e+40
0.7817817817817806 -1.1078741966381104e+40
0.7927927927927916 -1.0721258869777459e+40
0.8038038038038026 -1.0357148311980092e+40
0.8148148148148135 -9.988809911697965e+39
0.8258258258258245 -9.618377541840716e+39
0.8368368368368355 -9.247741744401079e+39
0.8478478478478465 -8.87857050328349e+39
0.8588588588588575 -8.512328484639836e+39
0.8698698698698685 -8.150294847496628e+39
0.8808808808808795 -7.793579721002944e+39
0.8918918918918904 -7.443139438608138e+39
0.9029029029029014 -7.099790613788989e+39
0.9139139139139124 -6.764223136600672e+39
0.9249249249249234 -6.437012165303624e+39
0.9359359359359344 -6.118629182578279e+39
0.9469469469469454 -5.809452181420099e+39
0.9579579579579564 -5.509775041599377e+39
0.9689689689689673 -5.2198161536771074e+39
0.9799799799799783 -4.9397263438543107e+39
0.9909909909909893 -4.669596149487084e+39
1.0020020020020004 -4.409462491836896e+39
1.0130130130130115 -4.15931478957516e+39
1.0240240240240226 -3.9191005536904465e+39
1.0350350350350337 -3.688730501764526e+39
1.0460460460460448 -3.468083227048129e+39
1.0570570570570559 -3.2570094554064387e+39
1.068068068068067 -3.0553359209821926e+39
1.079079079079078 -2.86286888933751e+39
1.0900900900900892 -2.6793973548918112e+39
1.1011011011011003 -2.5046959376349177e+39
1.1121121121121114 -2.3385275023901933e+39
1.1231231231231225 -2.1806455222831262e+39
1.1341341341341336 -2.0307962065897762e+39
1.1451451451451446 -1.8887204117069312e+39
1.1561561561561557 -1.7541553526907393e+39
1.1671671671671668 -1.62683613156688e+39
1.178178178178178 -1.506497097461996e+39
1.189189189189189 -1.3928730525413927e+39
1.2002002002002001 -1.285700316714794e+39
1.2112112112112112 -1.1847176631422538e+39
1.2222222222222223 -1.0896671356907561e+39
1.2332332332332334 -1.0002947586690734e+39
1.2442442442442445 -9.163511484033722e+38
1.2552552552552556 -8.375920355056499e+38
1.2662662662662667 -7.637787060109939e+38
1.2772772772772778 -6.946783689491475e+38
1.288288288288289 -6.300644573269857e+38
1.2992992992993 -5.697168689635285e+38
1.310310310310311 -5.134221531168764e+38
1.3213213213213222 -4.6097364837148166e+38
1.3323323323323333 -4.1217157681961296e+38
1.3433433433433444 -3.668230991690545e+38
1.3543543543543555 -3.247423350272328e+38
1.3653653653653666 -2.8575035226694994e+38
1.3763763763763777 -2.496751290514202e+38
1.3873873873873888 -2.1635149179501805e+38
1.3983983983983999 -1.8562103205802758e+38
1.409409409409411 -1.5733200511201626e+38
1.420420420420422 -1.3133921267431082e+38
1.4314314314314331 -1.0750387208605351e+38
1.4424424424424442 -8.569347400306744e+37
1.4534534534534553 -6.578163047802452e+37
1.4644644644644664 -4.764791513713385e+37
1.4754754754754775 -3.1177696990188564e+37
1.4864864864864886 -1.6261969265163561e+37
1.4974974974974997 -2.797174518756662e+36
1.5085085085085108 9.314972853374845e+36
1.519519519519522 2.0167665698984918e+37
1.530530530530533 2.984918388541025e+37
1.541541541541544 3.844307396983499e+37
1.5525525525525552 4.602832805406671e+37
1.5635635635635663 5.267956119878627e+37
1.5745745745745774 5.8467186847620045e+37
1.5855855855855885 6.345758978190399e+37
1.5965965965965996 6.771329619051132e+37
1.6076076076076107 7.129314049722798e+37
1.6186186186186218 7.425242864179493e+37
1.6296296296296329 7.664309755770005e+37
1.640640640640644 7.851387063513885e+37
1.651651651651655 7.991040899584196e+37
1.6626626626626662 8.0875458443206195e+37
1.6736736736736773 8.144899198290562e+37
1.6846846846846883 8.166834783881077e+37
1.6956956956956994 8.156836291473741e+37
1.7067067067067105 8.118150167623021e+37
1.7177177177177216 8.053798044714222e+37
1.7287287287287327 7.96658871347988e+37
1.7397397397397438 7.859129641327288e+37
1.750750750750755 7.733838040955485e+37
1.761761761761766 7.592951494931155e+37
1.7727727727727771 7.438538143053261e+37
1.7837837837837882 7.272506440264895e+37
1.7947947947947993 7.096614493685219e+37
1.8058058058058104 6.912478988049319e+37
1.8168168168168215 6.721583709402359e+37
1.8278278278278326 6.52528767738675e+37
1.8388388388388437 6.324832896839401e+37
1.8498498498498548 6.121351739726472e+37
1.8608608608608659 5.915873968653617e+37
1.871871871871877 5.70933341336293e+37
1.882882882882888 5.502574311716215e+37
1.8938938938938992 5.296357326704743e+37
1.9049049049049103 5.091365251022811e+37
1.9159159159159214 4.888208410686186e+37
1.9269269269269325 4.68742977909414e+37
1.9379379379379436 4.489509812803245e+37
1.9489489489489547 4.294871020135679e+37
1.9599599599599657 4.1038822735593927e+37
1.9709709709709768 3.9168628765833776e+37
1.981981981981988 3.734086395687033e+37
1.992992992992999 3.5557842675696917e+37
2.00400400400401 3.3821491917569236e+37
2.0150150150150212 3.213338318333393e+37
2.0260260260260323 3.049476240320635e+37
2.0370370370370434 2.890657799916914e+37
2.0480480480480545 2.736950717560351e+37
2.0590590590590656 2.5883980524740135e+37
2.0700700700700767 2.445020503073542e+37
2.081081081081088 2.3068185553321227e+37
2.092092092092099 2.1737744869056826e+37
2.10310310310311 2.0458542345392194e+37
2.114114114114121 1.9230091319912047e+37
2.125125125125132 1.8051775254365216e+37
2.1361361361361433 1.6922862730261689e+37
2.1471471471471544 1.5842521350202267e+37
2.1581581581581655 1.4809830606327819e+37
2.1691691691691766 1.382379377478287e+37
2.1801801801801877 1.288334889245305e+37
2.1911911911911988 1.198737886979034e+37
2.20220220220221 1.1134720791116474e+37
2.213213213213221 1.0324174451426974e+37
2.224224224224232 9.55451017641256e+36
2.235235235235243 8.824475970247231e+36
2.2462462462462542 8.132804033494486e+36
2.2572572572572653 7.478216691401104e+36
2.2682682682682764 6.85943177090217e+36
2.2792792792792875 6.275167462631677e+36
2.2902902902902986 5.724146702439301e+36
2.3013013013013097 5.2051011050761943e+36
2.312312312312321 4.716774480996502e+36
2.323323323323332 4.2579259655510897e+36
2.334334334334343 3.8273327882597133e+36
2.345345345345354 3.423792708316862e+36
2.356356356356365 3.0461261410168335e+36
2.3673673673673763 2.6931779983814666e+36
2.3783783783783874 2.3638192659344374e+36
2.3893893893893985 2.056948336274353e+36
2.4004004004004096 1.7714921188853755e+36
2.4114114114114207 1.506406944450451e+36
2.4224224224224318 1.2606792808048644e+36
2.433433433433443 1.0333262766436918e+36
2.444444444444454 8.233961480357828e+35
2.455455455455465 6.2996842188363166e+35
2.466466466466476 4.521540495293216e+35
2.4774774774774873 2.890954028468218e+35
2.4884884884884984 1.3996616434348398e+35
2.4994994994995094 3.971122007640458e+33
2.5105105105105205 -1.1965412108603464e+35
2.5215215215215316 -2.3164351312047946e+35
2.5325325325325427 -3.327009871763026e+35
2.543543543543554 -4.235009541438412e+35
2.554554554554565 -5.0468884748832306e+35
2.565565565565576 -5.768817129769027e+35
2.576576576576587 -6.4066883702418124e+35
2.587587587587598 -6.96612407794095e+35
2.5985985985986093 -7.452482036624381e+35
2.6096096096096204 -7.87086304082734e+35
2.6206206206206315 -8.226118183043949e+35
2.6316316316316426 -8.522856277830158e+35
2.6426426426426537 -8.765451384746326e+35
2.653653653653665 -8.958050395534555e+35
2.664664664664676 -9.104580654008841e+35
2.675675675675687 -9.208757580145206e+35
2.686686686686698 -9.274092272578203e+35
2.697697697697709 -9.303899066348346e+35
2.7087087087087203 -9.30130302506084e+35
2.7197197197197314 -9.269247348936711e+35
2.7307307307307425 -9.21050068224981e+35
2.7417417417417536 -9.127664305615395e+35
2.7527527527527647 -9.023179200358587e+35
2.7637637637637757 -8.899332973863128e+35
2.774774774774787 -8.758266636320927e+35
2.785785785785798 -8.601981220726519e+35
2.796796796796809 -8.43234423926669e+35
2.80780780780782 -8.251095970433748e+35
2.8188188188188312 -8.05985557231912e+35
2.8298298298298423 -7.860127018535835e+35
2.8408408408408534 -7.653304854148841e+35
2.8518518518518645 -7.440679769829017e+35
2.8628628628628756 -7.223443993223549e+35
2.8738738738738867 -7.002696497211435e+35
2.884884884884898 -6.779448025370832e+35
2.895895895895909 -6.554625935522426e+35
2.90690690690692 -6.329078862746763e+35
2.917917917917931 -6.103581203713895e+35
2.928928928928942 -5.8788374245843964e+35
2.9399399399399533 -5.6554861950812424e+35
2.9509509509509644 -5.434104351674038e+35
2.9619619619619755 -5.215210693068233e+35
2.9729729729729866 -4.9992696114523e+35
2.9839839839839977 -4.786694563147882e+35
2.9949949949950088 -4.577851382492502e+35
3.00600600600602 -4.373061442919301e+35
3.017017017017031 -4.172604669325391e+35
3.028028028028042 -3.976722405908667e+35
3.039039039039053 -3.7856201437277245e+35
3.0500500500500642 -3.599470112288353e+35
3.0610610610610753 -3.418413739494287e+35
3.0720720720720864 -3.242563984308401e+35
3.0830830830830975 -3.072007546483765e+35
3.0940940940941086 -2.906806957694405e+35
3.1051051051051197 -2.7470025583796064e+35
3.116116116116131 -2.5926143645696565e+35
3.127127127127142 -2.4436438289222247e+35
3.138138138138153 -2.300075500131403e+35
3.149149149149164 -2.1618785848116485e+35
3.160160160160175 -2.0290084158871054e+35
3.1711711711711863 -1.901407831436733e+35
3.1821821821821974 -1.7790084678640624e+35
3.1931931931932085 -1.6617319711682442e+35
3.2042042042042196 -1.549491130011386e+35
3.2152152152152307 -1.4421909341687638e+35
3.2262262262262418 -1.3397295618633564e+35
3.237237237237253 -1.2419992993806836e+35
3.248248248248264 -1.14888739625937e+35
3.259259259259275 -1.0602768592554503e+35
3.270270270270286 -9.760471881698665e+34
3.2812812812812973 -8.96075056532205e+34
3.2922922922923084 -8.202349400271849e+34
3.3033033033033194 -7.483996954501333e+34
3.3143143143143305 -6.804410928773188e+34
3.3253253253253416 -6.16230303634788e+34
3.3363363363363527 -5.556383465511596e+34
3.347347347347364 -4.985364948842688e+34
3.358358358358375 -4.447966462116182e+34
3.369369369369386 -3.942916574831131e+34
3.380380380380397 -3.468956473422063e+34
3.391391391391408 -3.024842677284399e+34
3.4024024024024193 -2.6093494668944306e+34
3.4134134134134304 -2.2212710424157046e+34
3.4244244244244415 -1.8594234303519998e+34
3.4354354354354526 -1.522646154997224e+34
3.4464464464464637 -1.2098036906221974e+34
3.457457457457475 -9.197867095857376e+33
3.468468468468486 -6.515131407933532e+33
3.479479479479497 -4.039290522185099e+33
3.490490490490508 -1.760093704872642e+33
3.501501501501519 3.324155012676059e+32
3.5125125125125303 2.2478949763094384e+33
3.5235235235235414 3.9957010010102745e+33
3.5345345345345525 5.584886408788434e+33
3.5455455455455636 7.024199813202538e+33
3.5565565565565747 8.322085817759917e+33
3.5675675675675858 9.486686120381768e+33
3.578578578578597 1.0525841429968524e+34
3.589589589589608 1.14470941173928e+34
3.600600600600619 1.225769152804242e+34
3.61161161161163 1.296458988748373e+34
3.6226226226226412 1.357445873618458e+34
3.6336336336336523 1.4093685833346722e+34
3.6446446446446634 1.452838247379023e+34
3.6556556556556745 1.4884389165644748e+34
3.6666666666666856 1.5167281620096203e+34
3.6776776776776967 1.5382377007901885e+34
3.688688688688708 1.5534740440559567e+34
3.699699699699719 1.5629191637096935e+34
3.71071071071073 1.5670311740363145e+34
3.721721721721741 1.5662450249441615e+34
3.732732732732752 1.5609732037416596e+34
3.7437437437437633 1.5516064426192853e+34
3.7547547547547744 1.538514429239669e+34
3.7657657657657855 1.522046518059435e+34
3.7767767767767966 1.5025324402116745e+34
3.7877877877878077 1.480283009976638e+34
3.7987987987988188 1.4555908260494867e+34
3.80980980980983 1.4287309659876915e+34
3.820820820820841 1.3999616723845965e+34
3.831831831831852 1.3695250294645356e+34
3.842842842842863 1.3376476289412646e+34
3.8538538538538742 1.304541224112122e+34
3.8648648648648853 1.270403371286634e+34
3.8758758758758964 1.2354180577628432e+34
3.8868868868869075 1.1997563156761818e+34
3.8978978978979186 1.163576821141784e+34
3.9089089089089297 1.1270264782088798e+34
3.919919919919941 1.090240987230569e+34
3.930930930930952 1.0533453973330259e+34
3.941941941941963 1.0164546427417213e+34
3.952952952952974 9.796740627921786e+33
3.963963963963985 9.430999055131595e+33
3.9749749749749963 9.068198147297271e+33
3.9859859859860074 8.70913300686369e+33
3.9969969969970185 8.354521942366065e+33
4.008008008008029 8.005010846911476e+33
4.01901901901904 7.661177414556422e+33
4.0300300300300504 7.323535196247097e+33
4.041041041041061 6.992537497314388e+33
4.052052052052072 6.668581118796197e+33
4.063063063063082 6.352009945127048e+33
4.074074074074093 6.043118380954744e+33
4.085085085085104 5.742154640040781e+33
4.096096096096114 5.449323889376295e+33
4.107107107107125 5.164791251797131e+33
4.118118118118136 4.888684670503794e+33
4.129129129129146 4.6210976389968303e+33
4.140140140140157 4.362091800030926e+33
4.151151151151168 4.1116994172466853e+33
4.162162162162178 3.86992572320794e+33
4.173173173173189 3.636751147592438e+33
4.1841841841842 3.4121334293189085e+33
4.19519519519521 3.1960096163924156e+33
4.206206206206221 2.9882979572597306e+33
4.2172172172172315 2.788899687442217e+33
4.228228228228242 2.597700715202406e+33
4.239239239239253 2.4145732099555895e+33
4.2502502502502635 2.2393770971158144e+33
4.261261261261274 2.0719614630015175e+33
4.272272272272285 1.9121658733875624e+33
4.283283283283295 1.7598216092233425e+33
4.294294294294306 1.6147528229758556e+33
4.305305305305317 1.4767776189902e+33
4.316316316316327 1.3457090611851744e+33
4.327327327327338 1.2213561113303309e+33
4.338338338338349 1.103524501066335e+33
4.349349349349359 9.92017540760507e+32
4.36036036036037 8.866368681969252e+32
4.371371371371381 7.87183140023363e+32
4.382382382382391 6.934566687905737e+32
4.393393393393402 6.0525800833212045e+32
4.404404404404413 5.223884901515207e+32
4.415415415415423 4.4465071339107644e+32
4.426426426426434 3.71848990875626e+32
4.437437437437445 3.0378975363684896e+32
4.448448448448455 2.4028191623572205e+32
4.459459459459466 1.8113720512097934e+32
4.4704704704704765 1.2617045217346038e+32
4.481481481481487 7.519985550515976e+31
4.492492492492498 2.8047209500926576e+31
4.5035035035035085 -1.5461893992441226e+31
4.514514514514519 -5.549789149932172e+31
4.52552552552553 -9.222709902176362e+31
4.53653653653654 -1.2581158674364003e+32
4.547547547547551 -1.564090757317328e+32
4.558558558558562 -1.8417285510456387e+32
4.569569569569572 -2.0925171821078753e+32
4.580580580580583 -2.3178991642831732e+32
4.591591591591594 -2.5192712925921287e+32
4.602602602602604 -2.697984494633715e+32
4.613613613613615 -2.8553438203497872e+32
4.624624624624626 -2.9926085588734467e+32
4.635635635635636 -3.1109924716977416e+32
4.646646646646647 -3.2116641319840223e+32
4.657657657657658 -3.29574736036994e+32
4.668668668668668 -3.364321748166372e+32
4.679679679679679 -3.418423259362402e+32
4.69069069069069 -3.459044903320214e+32
4.7017017017017 -3.487137470545451e+32
4.712712712712711 -3.5036103243576155e+32
4.7237237237237215 -3.509332241726869e+32
4.734734734734732 -3.5051322969617215e+32
4.745745745745743 -3.491800782342122e+32
4.7567567567567535 -3.470090160163675e+32
4.767767767767764 -3.440716041039425e+32
4.778778778778775 -3.404358183653495e+32
4.789789789789785 -3.36166151149066e+32
4.800800800800796 -3.313237142400293e+32
4.811811811811807 -3.259663427140392e+32
4.822822822822817 -3.2014869933562317e+32
4.833833833833828 -3.1392237917061285e+32
4.844844844844839 -3.07336014112701e+32
4.855855855855849 -3.0043537704673433e+32
4.86686686686686 -2.9326348539574086e+32
4.877877877877871 -2.858607038210065e+32
4.888888888888881 -2.7826484586546e+32
4.899899899899892 -2.7051127435062192e+32
4.910910910910903 -2.626330003565563e+32
4.921921921921913 -2.5466078063118632e+32
4.932932932932924 -2.466232132930219e+32
4.9439439439439345 -2.3854683170649598e+32
4.954954954954945 -2.304561964236665e+32
4.965965965965956 -2.223739851005688e+32
4.9769769769769665 -2.1432108030869957e+32
4.987987987987977 -2.0631665517469333e+32
4.998998998998988 -1.9837825679231806e+32
5.0100100100099985 -1.9052188736148765e+32
5.021021021021009 -1.827620830187788e+32
5.03203203203202 -1.7511199033307822e+32
5.04304304304303 -1.6758344044811623e+32
5.054054054054041 -1.6018702086191858e+32
5.065065065065052 -1.5293214483980573e+32
5.076076076076062 -1.4582711846460576e+32
5.087087087087073 -1.3887920533350061e+32
5.098098098098084 -1.3209468891666075e+32
5.109109109109094 -1.2547893259769576e+32
5.120120120120105 -1.190364374207146e+32
5.131131131131116 -1.1277089757259397e+32
5.142142142142126 -1.0668525363329164e+32
5.153153153153137 -1.0078174362981218e+32
5.164164164164148 -9.506195193293145e+31
5.175175175175158 -8.95268560378355e+31
5.186186186186169 -8.41768712729469e+31
5.1971971971971795 -7.901189348214706e+31
5.20820820820819 -7.4031339728374525e+31
5.219219219219201 -6.923418706732716e+31
5.2302302302302115 -6.4619009441503245e+31
5.241241241241222 -6.018401274567683e+31
5.252252252252233 -5.592706811578745e+31
5.2632632632632435 -5.184574349364313e+31
5.274274274274254 -4.79373335203191e+31
5.285285285285265 -4.419888781131092e+31
5.296296296296275 -4.06272376664826e+31
5.307307307307286 -3.7219021267945687e+31
5.318318318318297 -3.3970707418512503e+31
5.329329329329307 -3.087861787327913e+31
5.340340340340318 -2.7938948316242736e+31
5.351351351351329 -2.514778803340378e+31
5.362362362362339 -2.2501138333144937e+31
5.37337337337335 -1.9994929763884825e+31
5.384384384384361 -1.7625038178297163e+31
5.395395395395371 -1.5387299692407977e+31
5.406406406406382 -1.327752458707973e+31
5.417417417417393 -1.129151019827672e+31
5.428428428428403 -9.425052841612215e+30
5.439439439439414 -7.6739588155324e+30
5.4504504504504245 -6.034054526442858e+30
5.461461461461435 -4.5011957779360796e+30
5.472472472472446 -3.071276265170112e+30
5.4834834834834565 -1.7402353142843112e+30
5.494494494494467 -5.0406490553844544e+29
5.505505505505478 6.411839822630113e+29
5.5165165165164884 1.699395669734296e+30
5.527527527527499 2.6743846820509256e+30
5.53853853853851 3.5698912273491044e+30
5.54954954954952 4.389577215477749e+30
5.560560560560531 5.137022785538338e+30
5.571571571571542 5.815723311681287e+30
5.582582582582552 6.429086857822934e+30
5.593593593593563 6.980432053079717e+30
5.604604604604574 7.472986360830741e+30
5.615615615615584 7.909884715382112e+30
5.626626626626595 8.294168501355284e+30
5.637637637637606 8.628784851907166e+30
5.648648648648616 8.916586242971476e+30
5.659659659659627 9.160330361712039e+30
5.670670670670638 9.362680228369853e+30
5.681681681681648 9.526204551644882e+30
5.692692692692659 9.653378298717377e+30
5.7037037037036695 9.746583461901985e+30
5.71471471471468 9.80811000484153e+30
5.725725725725691 9.840156972014376e+30
5.7367367367367015 9.844833746131597e+30
5.747747747747712 9.824161438883183e+30
5.758758758758723 9.780074401204251e+30
5.769769769769733 9.714421840050277e+30
5.780780780780744 9.628969529370401e+30
5.791791791791755 9.525401603711549e+30
5.802802802802765 9.405322423522625e+30
5.813813813813776 9.270258501939649e+30
5.824824824824787 9.121660483425675e+30
5.835835835835797 8.960905165268241e+30
5.846846846846808 8.789297553518978e+30
5.857857857857819 8.608072945512302e+30
5.868868868868829 8.418399031648372e+30
5.87987987987984 8.221378009630623e+30
5.890890890890851 8.018048704848479e+30
5.901901901901861 7.809388691051624e+30
5.912912912912872 7.596316405929723e+30
5.923923923923883 7.379693256616888e+30
5.934934934934893 7.160325710567324e+30
5.945945945945904 6.938967367617212e+30
5.9569569569569145 6.716321009429814e+30
5.967967967967925 6.493040622859642e+30
5.978978978978936 6.26973339411193e+30
5.9899899899899465 6.046961670869067e+30
6.001001001000957 5.825244889881187e+30
6.012012012011968 5.605061467761797e+30
6.023023023022978 5.386850653022307e+30
6.034034034033989 5.171014337616772e+30
6.045045045045 4.9579188264977213e+30
6.05605605605601 4.747896563906352e+30
6.067067067067021 4.541247815336945e+30
6.078078078078032 4.3382423042883854e+30
6.089089089089042 4.1391208031112e+30
6.100100100100053 3.9440966774234084e+30
6.111111111111064 3.753357383719158e+30
6.122122122122074 3.5670659199486614e+30
6.133133133133085 3.3853622289737114e+30
6.144144144144096 3.2083645549375936e+30
6.155155155155106 3.0361707526937285e+30
6.166166166166117 2.8688595505506693e+30
6.1771771771771276 2.706491766686268e+30
6.188188188188138 2.5491114796712177e+30
6.199199199199149 2.3967471536252533e+30
6.2102102102101595 2.2494127186026214e+30
6.22122122122117 2.107108606869595e+30
6.232232232232181 1.9698227457963746e+30
6.2432432432431915 1.8375315081402497e+30
6.254254254254202 1.7102006205445898e+30
6.265265265265213 1.587786031116429e+30
6.276276276276223 1.470234736988997e+30
6.287287287287234 1.3574855727992236e+30
6.298298298298245 1.2494699610421085e+30
6.309309309309255 1.1461126252859098e+30
6.320320320320266 1.047332267247024e+30
6.331331331331277 9.530422087411506e+29
6.342342342342287 8.631509995375162e+29
6.353353353353298 7.775629921492962e+29
6.364364364364309 6.96178884596894e+29
6.375375375375319 6.1889623218589514e+29
6.38638638638633 5.456099293364491e+29
6.397397397397341 4.7621266249758724e+29
6.408408408408351 4.105953351767108e+29
6.419419419419362 3.486474661033148e+29
6.4304304304303725 2.90257561536838e+29
6.441441441441383 2.3531346271864344e+29
6.452452452452394 1.8370266945151148e+29
6.4634634634634045 1.353126407786273e+29
6.474474474474415 9.003107371551137e+28
6.485485485485426 4.774616097251748e+28
6.4964964964964365 8.346828586846679e+27
6.507507507507447 -2.8277045635702395e+28
6.518518518518458 -6.223443198911298e+28
6.529529529529468 -9.363296618666009e+28
6.540540540540479 -1.225787832918295e+29
6.55155155155149 -1.4917636744498023e+29
6.5625625625625 -1.7352841658965255e+29
6.573573573573511 -1.9573572142677117e+29
6.584584584584522 -2.158970578456026e+29
6.595595595595532 -2.3410909210462153e+29
6.606606606606543 -2.504662980566635e+29
6.617617617617554 -2.650608857370617e+29
6.628628628628564 -2.7798274065509113e+29
6.639639639639575 -2.893193731513706e+29
6.650650650650586 -2.991558772080749e+29
6.661661661661596 -3.07574898119201e+29
6.672672672672607 -3.1465660845156112e+29
6.6836836836836175 -3.204786917484423e+29
6.694694694694628 -3.251163334494162e+29
6.705705705705639 -3.286422185214156e+29
6.7167167167166495 -3.311265353167043e+29
6.72772772772766 -3.32636985194027e+29
6.738738738738671 -3.3323879745936446e+29
6.7497497497496814 -3.3299474920229496e+29
6.760760760760692 -3.319651896237627e+29
6.771771771771703 -3.302080684686882e+29
6.782782782782713 -3.277789681969356e+29
6.793793793793724 -3.247311395422909e+29
6.804804804804735 -3.211155401279604e+29
6.815815815815745 -3.169808758232206e+29
6.826826826826756 -3.123736445422112e+29
6.837837837837767 -3.0733818220295538e+29
6.848848848848777 -3.019167105782855e+29
6.859859859859788 -2.961493867873243e+29
6.870870870870799 -2.9007435418903492e+29
6.881881881881809 -2.837277944543479e+29
6.89289289289282 -2.771439806063738e+29
6.903903903903831 -2.7035533083149022e+29
6.914914914914841 -2.633924628762657e+29
6.925925925925852 -2.5628424885771476e+29
6.9369369369368625 -2.4905787032555416e+29
6.947947947947873 -2.4173887342648713e+29
6.958958958958884 -2.343512240309978e+29
6.9699699699698945 -2.2691736269366014e+29
6.980980980980905 -2.1945825932736433e+29
6.991991991991916 -2.1199346748168722e+29
7.003003003002926 -2.04541178123866e+29
7.014014014013937 -1.9711827283032542e+29
7.025025025024948 -1.8974037630375203e+29
7.036036036035958 -1.8242190813935716e+29
7.047047047046969 -1.7517613377060278e+29
7.05805805805798 -1.680152145322778e+29
7.06906906906899 -1.6095025678485268e+29
7.080080080080001 -1.5399136005063828e+29
7.091091091091012 -1.4714766411824013e+29
7.102102102102022 -1.4042739507713172e+29
7.113113113113033 -1.3383791024969456e+29
7.124124124124044 -1.2738574199303484e+29
7.135135135135054 -1.2107664034734682e+29
7.146146146146065 -1.1491561451228107e+29
7.157157157157076 -1.0890697313681339e+29
7.168168168168086 -1.030543634116948e+29
7.179179179179097 -9.73608089576707e+28
7.1901901901901075 -9.182874650558311e+28
7.201201201201118 -8.646006136778925e+28
7.212212212212129 -8.12561217032243e+28
7.2232232232231395 -7.621781158106932e+28
7.23423423423415 -7.134556285048972e+28
7.245245245245161 -6.663938582624986e+28
7.256256256256171 -6.209889880193523e+28
7.267267267267182 -5.772335640469815e+28
7.278278278278193 -5.351167680687422e+28
7.289289289289203 -4.946246781172493e+28
7.300300300300214 -4.557405183162077e+28
7.311311311311225 -4.184448977872219e+28
7.322322322322235 -3.8271603888846465e+28
7.333333333333246 -3.485299950066421e+28
7.344344344344257 -3.1586085813006194e+28
7.355355355355267 -2.84680956438475e+28
7.366366366366278 -2.5496104215323587e+28
7.377377377377289 -2.2667046989567997e+28
7.388388388388299 -1.9977736580657957e+28
7.39939939939931 -1.7424878768321025e+28
7.410410410410321 -1.500508763934287e+28
7.421421421421331 -1.2714899882812717e+28
7.432432432432342 -1.0550788265414186e+28
7.4434434434433525 -8.509174313108973e+27
7.454454454454363 -6.586440225512348e+27
7.465465465465374 -4.778940049124603e+27
7.4764764764763845 -3.083010135559408e+27
7.487487487487395 -1.4949789106575615e+27
7.498498498498406 -1.1175980172362085e+25
7.509509509509416 1.372059402585034e+27
7.520520520520427 2.658370482012797e+27
7.531531531531438 3.8513757336678644e+27
7.542542542542448 4.954662161537946e+27
7.553553553553459 5.971779135153987e+27
7.56456456456447 6.906232743041307e+27
7.57557557557548 7.761480639448914e+27
7.586586586586491 8.540927361765495e+27
7.597597597597502 9.247920096561657e+27
7.608608608608512 9.885744872663335e+27
7.619619619619523 1.0457623160272024e+28
7.630630630630534 1.0966708855575988e+28
7.641641641641544 1.1416085630955067e+28
7.652652652652555 1.180876463136229e+28
7.6636636636635656 1.214768249806191e+28
7.674674674674576 1.2435699701476872e+28
7.685685685685587 1.2675599165412384e+28
7.6966966966965975 1.2870085165580165e+28
7.707707707707608 1.3021782485825622e+28
7.718718718718619 1.3133235816090587e+28
7.7297297297296295 1.3206909376668178e+28
7.74074074074064 1.3245186753893383e+28
7.751751751751651 1.3250370932941913e+28
7.762762762762661 1.3224684513979672e+28
7.773773773773672 1.317027009842614e+28
7.784784784784683 1.308919083264425e+28
7.795795795795693 1.2983431096890887e+28
7.806806806806704 1.285489732785701e+28
7.817817817817715 1.2705418963675254e+28
7.828828828828725 1.2536749500727856e+28
7.839839839839736 1.2350567652089348e+28
7.850850850850747 1.2148478597927844e+28
7.861861861861757 1.1932015318631094e+28
7.872872872872768 1.1702640001875973e+28
7.883883883883779 1.1461745515333303e+28
7.894894894894789 1.1210656937081801e+28
7.9059059059058 1.0950633136259107e+28
7.9169169169168105 1.0682868396866274e+28
7.927927927927821 1.0408494078041892e+28
7.938938938938832 1.012858030449129e+28
7.9499499499498425 9.844137681146716e+27
7.960960960960853 9.55611902646331e+27
7.971971971971864 9.265421119123779e+27
7.9829829829828745 8.972886453244093e+27
7.993993993993885 8.679304997494479e+27
8.005005005004897 8.385415953858991e+27
8.016016016015907 8.091909512059876e+27
8.027027027026918 7.799428595944905e+27
8.038038038037929 7.508570598418462e+27
8.04904904904894 7.219889101763307e+27
8.06006006005995 6.933895580437147e+27
8.07107107107096 6.651061083681233e+27
8.082082082081971 6.371817895506668e+27
8.093093093092982 6.096561169832872e+27
8.104104104103993 5.82565053877464e+27
8.115115115115003 5.559411692268862e+27
8.126126126126014 5.298137927415771e+27
8.137137137137024 5.042091666099602e+27
8.148148148148035 4.791505939615941e+27
8.159159159159046 4.546585839200757e+27
8.170170170170056 4.3075099315029906e+27
8.181181181181067 4.074431638196383e+27
8.192192192192078 3.84748057905241e+27
8.203203203203088 3.6267638779342314e+27
8.214214214214099 3.4123674312840695e+27
8.22522522522511 3.204357138798106e+27
8.23623623623612 3.002780096083054e+27
8.247247247247131 2.807665749191107e+27
8.258258258258142 2.619027011023704e+27
8.269269269269152 2.4368613396791215e+27
8.280280280280163 2.261151778898222e+27
8.291291291291174 2.091867960842955e+27
8.302302302302184 1.928967071504704e+27
8.313313313313195 1.7723947791060555e+27
8.324324324324206 1.6220861259182994e+27
8.335335335335216 1.477966383968949e+27
8.346346346346227 1.3399518751622819e+27
8.357357357357238 1.2079507563835823e+27
8.368368368368248 1.0818637701902081e+27
8.379379379379259 9.615849617358228e+26
8.39039039039027 8.470023626025631e+26
8.40140140140128 7.379986422441295e+26
8.41241241241229 6.344517277669627e+26
8.423423423423301 5.3623539280077066e+26
8.434434434434312 4.432198162238752e+26
8.445445445445323 3.55272111528384e+26
8.456456456456333 2.722568276178882e+26
8.467467467467344 1.9403642184573506e+26
8.478478478478355 1.2047170610405046e+26
8.489489489489365 5.142226678198432e+25
8.500500500500376 -1.32531405854806e+25
8.511511511511387 -7.369622115862853e+25
8.522522522522397 -1.3004879430264402e+26
8.533533533533408 -1.8245246994772175e+26
8.544544544544419 -2.3104834698697906e+26
8.55555555555543 -2.7597673290612008e+26
8.56656656656644 -3.173768838428204e+26
8.57757757757745 -3.553867642855018e+26
8.588588588588461 -3.9014282563043635e+26
8.599599599599472 -4.217798028249468e+26
8.610610610610482 -4.5043052833996895e+26
8.621621621621493 -4.7622576272211306e+26
8.632632632632504 -4.9929404099754154e+26
8.643643643643514 -5.1976153420323124e+26
8.654654654654525 -5.377519253466258e+26
8.665665665665536 -5.533862991027106e+26
8.676676676676546 -5.6678304457648374e+26
8.687687687687557 -5.780577704746952e+26
8.698698698698568 -5.873232320470817e+26
8.709709709709578 -5.946892691744799e+26
8.720720720720589 -6.002627549976911e+26
8.7317317317316 -6.04147554499591e+26
8.74274274274261 -6.064444924686744e+26
8.753753753753621 -6.0725133029182045e+26
8.764764764764632 -6.066627510393899e+26
8.775775775775642 -6.047703523254617e+26
8.786786786786653 -6.016626464417463e+26
8.797797797797664 -5.9742506728279654e+26
8.808808808808674 -5.921399835957764e+26
8.819819819819685 -5.858867181068988e+26
8.830830830830696 -5.787415720922725e+26
8.841841841841706 -5.707778549788712e+26
8.852852852852717 -5.620659185769073e+26
8.863863863863727 -5.526731955621849e+26
8.874874874874738 -5.4266424184268184e+26
8.885885885885749 -5.3210078245908305e+26
8.89689689689676 -5.21041760685344e+26
8.90790790790777 -5.095433900101177e+26
8.91891891891878 -4.976592086944222e+26
8.929929929929791 -4.854401366165806e+26
8.940940940940802 -4.729345341283616e+26
8.951951951951813 -4.601882626612908e+26
8.962962962962823 -4.4724474683496414e+26
8.973973973973834 -4.341450378323291e+26
8.984984984984845 -4.209278778206243e+26
8.995995995995855 -4.0762976520733964e+26
9.007007007006866 -3.94285020534726e+26
9.018018018017877 -3.809258528263132e+26
9.029029029028887 -3.675824262111428e+26
9.040040040039898 -3.542829266622144e+26
9.051051051050909 -3.4105362869612244e+26
9.06206206206192 -3.279189618907328e+26
9.07307307307293 -3.149015770885358e+26
9.08408408408394 -3.0202241216151418e+26
9.095095095094951 -2.8930075722349593e+26
9.106106106105962 -2.7675431918432457e+26
9.117117117116972 -2.6439928554837604e+26
9.128128128127983 -2.5225038736826e+26
9.139139139138994 -2.4032096127249978e+26
9.150150150150004 -2.286230104925456e+26
9.161161161161015 -2.1716726482249693e+26
9.172172172172026 -2.0596323945102314e+26
9.183183183183036 -1.9501929261145657e+26
9.194194194194047 -1.8434268200231296e+26
9.205205205205058 -1.7393961993633313e+26
9.216216216216068 -1.6381532718124188e+26
9.227227227227079 -1.539740854612908e+26
9.23823823823809 -1.4441928859288995e+26
9.2492492492491 -1.3515349223301921e+26
9.260260260260111 -1.2617846222288914e+26
9.271271271271122 -1.174952215139718e+26
9.282282282282132 -1.091040956671686e+26
9.293293293293143 -1.0100475691956115e+26
9.304304304304154 -9.319626681696787e+25
9.315315315315164 -8.56771174131225e+25
9.326326326326175 -7.844527104009296e+25
9.337337337337186 -7.149819865650176e+25
9.348348348348196 -6.4832916783711845e+25
9.359359359359207 -5.84460230414391e+25
9.370370370370217 -5.233373029742086e+25
9.381381381381228 -4.6491899447343016e+25
9.392392392392239 -4.091607084316432e+25
9.40340340340325 -3.560149438984551e+25
9.41441441441426 -3.0543158331815106e+25
9.42542542542527 -2.57358167522294e+25
9.436436436436281 -2.1174015809011686e+25
9.447447447447292 -1.685211873314797e+25
9.458458458458303 -1.2764329615374586e+25
9.469469469469313 -8.904716008587433e+24
9.480480480480324 -5.267230373865102e+24
9.491491491491335 -1.8457303987455871e+24
9.502502502502345 1.3660017830281546e+24
9.513513513513356 4.3742414406931275e+24
9.524524524524367 7.185304134534094e+24
9.535535535535377 9.805529612635447e+24
9.546546546546388 1.2241266685686954e+25
9.557557557557399 1.449885904945684e+25
9.56856856856841 1.6584632024078552e+25
9.57957957957942 1.850488017972139e+25
9.59059059059043 2.0265855818031303e+25
9.601601601601441 2.187375827897486e+25
9.612612612612452 2.3334724042918443e+25
9.623623623623462 2.4654817598064012e+25
9.634634634634473 2.5840023043545946e+25
9.645645645645484 2.689623639901659e+25
9.656656656656494 2.78292585917196e+25
9.667667667667505 2.8644789092701086e+25
9.678678678678516 2.93484201740481e+25
9.689689689689526 2.9945631759670246e+25
9.700700700700537 3.0441786842627326e+25
9.711711711711548 3.084212744246647e+25
9.722722722722558 3.1151771076684936e+25
9.733733733733569 3.137570772095466e+25
9.74474474474458 3.151879723335578e+25
9.75575575575559 3.158576721846291e+25
9.766766766766601 3.158121130774204e+25
9.777777777777612 3.1509587833401944e+25
9.788788788788622 3.1375218873346604e+25
9.799799799799633 3.118228964569703e+25
9.810810810810644 3.093484823183227e+25
9.821821821821654 3.0636805607660484e+25
9.832832832832665 3.0291935963406557e+25
9.843843843843676 2.9903877292941547e+25
9.854854854854686 2.9476132234197186e+25
9.865865865865697 2.9012069142992656e+25
9.876876876876707 2.8514923383140756e+25
9.887887887887718 2.79877988164045e+25
9.898898898898729 2.743366947643213e+25
9.90990990990974 2.6855381411524692e+25
9.92092092092075 2.6255654681563298e+25
9.93193193193176 2.5637085495202014e+25
9.942942942942771 2.5002148473851882e+25
9.953953953953782 2.435319902972096e+25
9.964964964964793 2.369247584562233e+25
9.975975975975803 2.302210344494081e+25
9.986986986986814 2.234409484061966e+25
9.997997997997825 2.1660354252591297e+25
10.009009009008835 2.0972679883631235e+25
10.020020020019846 2.02827667441023e+25
10.031031031030857 1.9592209516547825e+25
10.042042042041867 1.8902505451642329e+25
10.053053053052878 1.8215057287389645e+25
10.064064064063889 1.7531176184021748e+25
10.0750750750749 1.6852084667408846e+25
10.08608608608591 1.6178919574312368e+25
10.09709709709692 1.5512734993153473e+25
10.108108108107931 1.4854505194441041e+25
10.119119119118942 1.4205127545354447e+25
10.130130130129952 1.3565425403389305e+25
10.141141141140963 1.2936150984313503e+25
10.152152152151974 1.2317988200049835e+25
10.163163163162984 1.171155546244673e+25
10.174174174173995 1.1117408449191927e+25
10.185185185185006 1.0536042828509083e+25
10.196196196196016 9.96789693947889e+24
10.207207207207027 9.413354425203702e+24
10.218218218218038 8.872746816271268e+24
10.229229229229048 8.346356062219323e+24
10.240240240240059 7.834417009008248e+24
10.25125125125107 7.337119820687697e+24
10.26226226226208 6.854612343718023e+24
10.273273273273091 6.387002412601711e+24
10.284284284284102 5.934360095693528e+24
10.295295295295112 5.496719880248558e+24
10.306306306306123 5.074082795961988e+24
10.317317317317134 4.6664184764205095e+24
10.328328328328144 4.273667158050293e+24
10.339339339339155 3.895741616313096e+24
10.350350350350165 3.532529039033986e+24
10.361361361361176 3.183892836892537e+24
10.372372372372187 2.8496743912267004e+24
10.383383383383197 2.5296947394390805e+24
10.394394394394208 2.2237561983765574e+24
10.405405405405219 1.9316439261900052e+24
10.41641641641623 1.6531274232537658e+24
10.42742742742724 1.387961972828936e+24
10.43843843843825 1.1358900222296347e+24
10.449449449449261 8.966425053232161e+23
10.460460460460272 6.699401072773052e+23
10.471471471471283 4.554944725173962e+23
10.482482482482293 2.5300935691845596e+23
10.493493493493304 6.218172530992171e+22
10.504504504504315 -1.1729720458777308e+23
10.515515515515325 -2.857409706273505e+23
10.526526526526336 -4.434669259090755e+23
10.537537537537347 -5.907953484295679e+23
10.548548548548357 -7.280485994539547e+23
10.559559559559368 -8.555503293312057e+23
10.570570570570379 -9.736247294584736e+23
10.58158158158139 -1.0825958290824296e+24
10.5925925925924 -1.1827868356186507e+24
10.60360360360341 -1.27451951715844e+24
10.614614614614421 -1.358113625831332e+24
10.625625625625432 -1.433886360688732e+24
10.636636636636442 -1.5021518687774402e+24
10.647647647647453 -1.5632207830722207e+24
10.658658658658464 -1.6173997959500136e+24
10.669669669669474 -1.6649912668880427e+24
10.680680680680485 -1.7062928630887687e+24
10.691691691691496 -1.7415972317405146e+24
10.702702702702506 -1.7711917026413397e+24
10.713713713713517 -1.7953580199297013e+24
10.724724724724528 -1.8143721016804715e+24
10.735735735735538 -1.828503826151233e+24
10.746746746746549 -1.8380168434752242e+24
10.75775775775756 -1.8431684116296927e+24
10.76876876876857 -1.844209255520885e+24
10.779779779779581 -1.8413834480602733e+24
10.790790790790592 -1.8349283121241052e+24
10.801801801801602 -1.8250743423187222e+24
10.812812812812613 -1.812045145497171e+24
10.823823823823624 -1.796057399000766e+24
10.834834834834634 -1.7773208256259382e+24
10.845845845845645 -1.7560381843438743e+24
10.856856856856655 -1.732405275828179e+24
10.867867867867666 -1.7066109618749069e+24
10.878878878878677 -1.678837197825012e+24
10.889889889889687 -1.6492590771295274e+24
10.900900900900698 -1.6180448872246238e+24
10.911911911911709 -1.5853561759134932e+24
10.92292292292272 -1.5513478274761627e+24
10.93393393393373 -1.516168147762556e+24
10.94494494494474 -1.4799589575440124e+24
10.955955955955751 -1.4428556934328624e+24
10.966966966966762 -1.4049875157025463e+24
10.977977977977773 -1.3664774223684795e+24
10.988988988988783 -1.3274423689172464e+24
10.999999999999794 -1.287993393097232e+24
